9
26
43
44
49
55
68
94
120
122
132
133
138
139
142
147
160
161
162
164
166
167
170
189
192
195
233
256
277
291
296
334
342
345
367
382
384
390
393
415
443
446
455
458
459
466
471
474
475
490
492
515
520
526
540
561
584
587
603
615
621
670
691
705
706
709
721
746
749
760
800
804
811
812
813
814
818
823
834
839
867
896
905
906
929
937
973
989
990
994
995
997
999
1000
1001
1002
1004
1005
1007
1011
1015
1022
1026
1029
1049
1053
1080
1081
1092
1093
1094
1103
1104
1106
1107
1108
1109
1110
1114
1116
1117
1118
1120
1121
1123
1124
1126
1129
1141
1151
1152
1158
1159
1161
1162
1163
1167
1169
1171
1176
1177
1178
1179
1180
1181
1182
1192
1218
1233
1238
1240
1251
1255
1268
1270
1282
1287
1293
1295
1297
1298
1299
1309
1310
1312
1313
1314
1318
1323
1324
1325
1328
1330
1331
1333
1352
1353
1355
1356
1358
1359
1361
1363
1368
1369
1370
1371
1373
1375
1376
1379
1381
1382
1383
1386
1387
1388
1390
1391
1392
1394
1397
1398
1399
1401
1402
1405
1406
1407
1410
1411
1415
1416
1417
1420
1425
1427
1429
1431
1432
1433
1438
1439
1459
1465
1467
1474
1479
1480
1481
1483
1485
1488
1491
1492
1495
1504
1506
1507
1509
1511
1515
1517
1518
1519
1523
1524
1527
1528
1534
1536
1540
1542
1543
1546
1560
1563
1565
1566
1569
1573
1574
1578
1579
1581
1588
1589
1591
1592
1597
1599
1600
1602
1603
1605
1606
1607
1609
1610
1611
1612
1613
1614
1615
1616
1617
1618
1619
1620
1622
1623
1624
1627
1629
1630
1631
1632
1633
1634
1635
1636
1637
1655
1708
1732
1783
1788
1789
1870
1871
1873
1874
1875
1880
1881
1913
1914
1937
1943
1949
1962
1964
1975
1989
1990
1996
2016
2022
2027
2028
2029
2032
2033
2037
2038
2054
2055
2065
2068
2071
2074
2075
2085
2107
2128
2131
2135
2139
2145
2148
2155
2157
2162
2177
2183
2184
2185
2193
2203
2245
2256
2301
2305
2309
2312
2320
2321
2323
2332
2347
2354
2356
2364
2366
2367
2371
2372
2373
2377
2397
2458
2465
2466
2485
2490
2492
2495
2500
2506
2514
2515
2516
2526
2539
2553
2555
2562
2563
2564
2565
2567
2568
2569
2570
2572
2573
2575
2576
2577
2578
2579
2580
2581
2583
2586
2587
2588
2590
2594
2602
2619
2639
2644
2662
2677
2679
2680
2684
2685
2686
2723
2724
2725
2726
2727
2729
2745
2746
2747
2748
2749
2751
2752
2753
2754
2755
2756
2757
2758
2759
2760
2761
2762
2763
2764
2769
2770
2771
2772
2773
2774
2775
2776
2777
2778
2779
2780
2782
2784
2787
2788
2790
2791
2792
2793
2795
2796
2797
2798
2799
2800
2801
2803
2804
2805
2806
2811
2812
2814
2816
2817
2818
2819
2820
2821
2822
2833
2834
2863
2866
2892
2893
2904
2906
2913
2914
2917
2920
2923
2924
2926
2933
2939
2958
2959
2962
2963
2964
2965
2966
2970
2971
2972
2973
2974
2975
2976
2978
2980
2981
2985
2987
2988
2989
2990
2991
2995
2996
2997
3000
3002
3003
3008
3009
3010
3011
3012
3013
3014
3015
3016
3017
3018
3019
3020
3021
3022
3023
3024
3025
3032
3033
3036
3037
3042
3043
3044
3045
3046
3052
3054
3056
3058
3063
3064
3065
3072
3073
3074
3075
3078
3079
3081
3083
3085
3097
3099
3106
3115
3120
3122
3123
3125
3126
3128
3129
3131
3132
3136
3140
3143
3144
3148
3149
3152
3153
3154
3156
3157
3159
3160
3161
3162
3165
3166
3167
3168
3169
3170
3171
3172
3173
3174
3175
3176
3177
3178
3179
3180
3182
3183
3184
3185
3186
3187
3188
3189
3191
3192
3193
3195
3196
3198
3199
3200
3201
3202
3203
3204
3205
3206
3207
3210
3213
3214
3215
3217
3218
3219
3220
3221
3222
3223
3224
3225
3226
3227
3228
3229
3230
3232
3234
3235
3236
3237
3238
3239
3241
3242
3243
3244
3245
3246
3248
3250
3253
3256
3257
3258
3260
3261
3262
3263
3264
3265
3266
3272
3275
3276
3277
3278
3280
3286
3287
3289
3290
3291
3294
3299
3300
3301
3302
3303
3304
3305
3306
3308
3309
3310
3316
3317
3323
3325
3330
3332
3333
3339
3341
3342
3344
3345
3346
3350
3351
3353
3355
3364
3365
3368
3372
3373
3374
3375
3377
3378
3380
3381
3382
3383
3384
3385
3386
3387
3390
3391
3396
3397
3403
3406
3407
3408
3409
3410
3411
3412
3413
3416
3417
3420
3426
3428
3438
3440
3442
3444
3448
3449
3455
3457
3460
3461
3466
3470
3482
3484
3488
3491
3492
3494
3495
3496
3499
3500
3501
3502
3503
3504
3505
3506
3509
3510
3511
3512
3514
3518
3519
3524
3525
3526
3528
3529
3532
3534
3537
3541
3544
3546
3548
3552
3554
3555
3556
3561
3567
3571
3579
3582
3591
3592
3602
3603
3605
3608
3611
3613
3615
3619
3624
3625
3629
3630
3633
3635
3636
3645
3648
3651
3658
3661
3679
3691
3692
3693
3694
3696
3697
3698
3701
3703
3704
3706
3707
3710
3714
3716
3718
3719
3722
3723
3724
3727
3728
3729
3730
3731
3732
3733
3734
3735
3737
3738
3739
3744
3745
3746
3751
3753
3754
3755
3757
3758
3759
3761
3763
3764
3766
3767
3768
3769
3770
3772
3773
3775
3777
3779
3781
3782
3784
3785
3787
3789
3790
3791
3792
3794
3795
3796
3797
3803
3805
3806
3807
3808
3809
3812
3815
3816
3817
3818
3819
3820
3821
3825
3840
3843
3845
3847
3848
3849
3851
3852
3856
3857
3858
3859
3860
3861
3863
3865
3868
3870
3871
3875
3876
3882
3883
3884
3888
3889
3890
3891
3902
3903
3904
3905
3906
3907
3908
3910
3911
3912
3913
3914
3915
3916
3917
3918
3920
3922
3924
3929
3933
3934
3935
3938
3940
3943
3947
3948
3949
3950
3951
3952
3953
3954
3955
3956
3957
3959
3961
3962
3963
3964
3965
3966
3968
3969
3971
3973
3986
3989
3991
3995
3997
4001
4007
4011
4013
4014
4018
4022
4025
4026
4027
4028
4029
4030
4031
4032
4037
4038
4039
4040
4044
4045
4046
4047
4050
4051
4052
4053
4055
4056
4057
4058
4060
4061
4062
4065
4067
4068
4070
4072
4075
4077
4079
4081
4085
4086
4087
4088
4089
4090
4092
4094
4097
4098
4099
4101
4103
4104
4105
4109
4110
4111
4117
4120
4123
4124
4125
4128
4133
4139
4144
4148
4156
4159
4164
4167
4169
4170
4173
4174
4176
4177
4178
4179
4181
4183
4184
4186
4187
4188
4189
4190
4191
4192
4196
4197
4198
4199
4201
4205
4207
4208
4209
4210
4213
4214
4216
4217
4218
4219
4220
4221
4222
4223
4225
4226
4227
4228
4229
4230
4231
4232
4236
4237
4239
4243
4247
4248
4249
4250
4251
4252
4253
4254
4255
4256
4259
4261
4263
4267
4268
4274
4276
4277
4278
4280
4281
4282
4283
4284
4285
4286
4287
4288
4289
4290
4293
4294
4295
4296
4298
4301
4303
4304
4306
4310
4312
4313
4314
4315
4318
4324
4325
4326
4327
4328
4329
4331
4332
4335
4336
4337
4340
4343
4346
4348
4349
4353
4355
4356
4357
4362
4363
4364
4373
4377
4382
4384
4391
4392
4393
4394
4395
4396
4397
4398
4399
4400
4401
4402
4403
4404
4407
4408
4409
4410
4411
4412
4414
4415
4416
4417
4418
4419
4420
4421
4422
4423
4426
4428
4430
4431
4432
4433
4434
4435
4436
4437
4438
4439
4440
4441
4442
4443
4444
4445
4446
4447
4448
4449
4450
4452
4453
4454
4455
4456
4457
4458
4459
4460
4461
4462
4463
4464
4466
4467
4468
4469
4470
4471
4472
4474
4476
4477
4478
4479
4480
4481
4482
4484
4485
4489
4491
4492
4493
4494
4498
4500
4501
4502
4503
4504
4505
4506
4508
4509
4510
4511
4514
4516
4518
4520
4522
4523
4524
4525
4526
4528
4529
4530
4535
4536
4537
4539
4542
4543
4544
4545
4546
4547
4549
4551
4552
4554
4555
4558
4559
4560
4561
4562
4563
4564
4566
4567
4568
4569
4571
4572
4573
4574
4575
4576
4577
4578
4580
4581
4583
4584
4586
4589
4592
4593
4594
4595
4597
4598
4599
4602
4603
4604
4605
4606
4608
4609
4614
4615
4616
4618
4619
4620
4621
4622
4625
4626
4627
4628
4629
4630
4633
4634
4635
4636
4639
4640
4642
4644
4645
4646
4647
4655
4658
4659
4660
4661
4662
4663
4665
4666
4667
4668
4669
4670
4671
4673
4676
4678
4679
4682
4683
4684
4685
4686
4689
4690
4692
4693
4695
4697
4698
4701
4703
4707
4709
4710
4712
4713
4714
4717
4718
4719
4721
4723
4724
4725
4726
4729
4730
4731
4732
4733
4734
4736
4737
4739
4740
4742
4743
4744
4748
4749
4750
4752
4754
4755
4756
4757
4758
4764
4765
4768
4771
4772
4776
4778
4779
4782
4783
4785
4790
4791
4799
4802
4805
4807
4809
4812
4813
4814
4815
4817
4818
4821
4822
4825
4827
4833
4834
4836
4838
4839
4841
4843
4844
4845
4847
4849
4851
4853
4854
4857
4858
4859
4860
4861
4862
4864
4865
4867
4868
4869
4870
4871
4872
4874
4876
4877
4878
4881
4882
4883
4884
4885
4886
4887
4888
4889
4890
4891
4893
4895
4898
4899
4900
4901
4902
4903
4906
4907
4908
4913
4917
4919
4920
4921
4923
4925
4926
4927
4929
4930
4931
4932
4933
4934
4936
4938
4941
4943
4944
4945
4946
4949
4950
4951
4952
4953
4954
4955
4958
4959
4962
4963
4966
4967
4969
4970
4971
4972
4974
4976
4977
4978
4983
4985
4987
4988
4991
4994
4995
4996
4998
5000
5001
5002
5003
5004
5005
5007
5008
5011
5012
5013
5014
5016
5025
5028
5031
5032
5036
5037
5038
5042
5044
5046
5049
5050
5053
5054
5055
5056
5057
5058
5059
5060
5063
5064
5065
5066
5069
5070
5072
5076
5079
5081
5083
5085
5086
5087
5090
5091
5092
5093
5096
5099
5101
5104
5107
5108
5110
5111
5113
5114
5115
5120
5121
5122
5127
5128
5129
5130
5134
5137
5138
5139
5140
5141
5143
5144
5146
5151
5153
5156
5158
5160
5163
5172
5174
5175
5181
5182
5186
5187
5189
5194
5196
5199
5200
5203
5204
5206
5207
5208
5209
5210
5212
5214
5215
5217
5218
5219
5220
5222
5223
5226
5228
5229
5230
5231
5232
5233
5234
5235
5238
5239
5240
5241
5244
5246
5247
5249
5252
5254
5255
5256
5259
5261
5262
5264
5265
5266
5267
5268
5270
5271
5272
5273
5274
5275
5276
5277
5278
5279
5280
5281
5284
5286
5287
5290
5291
5293
5294
5295
5296
5297
5299
5307
5308
5309
5314
5315
5316
5317
5321
5322
5323
5324
5327
5328
5332
5335
5336
5337
5339
5340
5341
5343
5344
5347
5348
5349
5351
5353
5355
5356
5357
5358
5361
5362
5364
5367
5368
5369
5370
5371
5372
5373
5374
5375
5376
5380
5382
5384
5385
5386
5387
5388
5391
5393
5394
5395
5396
5397
5398
5399
5401
5403
5404
5407
5409
5411
5412
5415
5417
5419
5421
5424
5426
5427
5428
5435
5436
5444
5446
5448
5451
5463
5464
5465
5466
5477
5479
5480
5482
5485
5486
5488
5489
5490
5491
5493
5499
5501
5503
5509
5510
5512
5516
5521
5524
5531
5537
5546
5549
5557
5563
5566
5569
5570
5571
5573
5574
5577
5578
5581
5582
5583
5584
5585
5586
5587
5588
5592
5593
5596
5598
5599
5600
5602
5605
5606
5607
5610
5611
5613
5615
5616
5617
5618
5619
5620
5622
5623
5624
5625
5626
5627
5630
5631
5633
5635
5637
5638
5640
5642
5644
5648
5651
5654
5657
5658
5659
5660
5663
5664
5665
5667
5672
5674
5679
5680
5681
5682
5683
5684
5685
5688
5689
5692
5693
5694
5695
5696
5698
5699
5703
5704
5706
5707
5709
5710
5712
5713
5714
5716
5723
5726
5727
5731
5732
5735
5739
5744
5746
5747
5750
5751
5752
5754
5756
5757
5760
5761
5765
5770
5772
5775
5777
5779
5780
5781
5783
5784
5785
5788
5789
5790
5792
5793
5794
5796
5798
5800
5801
5811
5812
5815
5817
5818
5820
5822
5824
5825
5826
5827
5830
5832
5833
5834
5835
5838
5841
5842
5843
5844
5846
5847
5849
5854
5855
5857
5858
5859
5860
5861
5862
5864
5865
5866
5867
5868
5869
5870
5873
5874
5880
5881
5884
5885
5886
5888
5890
5893
5894
5896
5898
5899
5900
5901
5905
5907
5908
5909
5910
5911
5913
5914
5916
5926
5933
5935
5937
5938
5941
5942
5944
5945
5947
5948
5949
5952
5955
5962
5966
5967
5970
5971
5973
5974
5981
5982
5985
5987
5988
5989
5990
5991
5992
5993
5994
5995
5996
5997
6001
6004
6007
6008
6009
6010
6011
6012
6013
6014
6015
6016
6017
6018
6019
6020
6021
6022
6023
6024
6025
6027
6028
6029
6030
6031
6032
6033
6034
6035
6036
6037
6038
6039
6040
6041
6042
6043
6044
6045
6046
6047
6048
6049
6050
6051
6052
6053
6054
6055
6056
6057
6058
6059
6060
6061
6062
6063
6064
6065
6066
6067
6068
6069
6070
6071
6072
6073
6074
6075
6076
6077
6078
6079
6080
6081
6082
6083
6084
6085
6086
6088
6089
6090
6091
6092
6094
6095
6096
6097
6098
6099
6100
6101
6102
6104
6105
6106
6107
6108
6109
6110
6111
6112
6113
6114
6115
6116
6117
6118
6120
6121
6122
6123
6124
6125
6126
6127
6128
6129
6130
6132
6133
6134
6135
6136
6137
6138
6139
6140
6141
6142
6143
6144
6148
6149
6150
6151
6152
6153
6155
6156
6157
6159
6165
6166
6167
6168
6169
6171
6172
6173
6175
6177
6178
6179
6180
6181
6182
6183
6184
6185
6186
6189
6191
6192
6196
6201
6202
6205
6213
6214
6217
6218
6221
6222
6223
6224
6226
6228
6229
6231
6232
6237
6239
6240
6241
6242
6244
6245
6246
6247
6248
6249
6250
6252
6253
6254
6255
6256
6257
6258
6259
6260
6261
6262
6263
6264
6265
6267
6268
6269
6270
6271
6272
6273
6274
6275
6277
6280
6282
6283
6285
6286
6287
6290
6291
6292
6293
6294
6296
6297
6298
6299
6300
6301
6302
6303
6304
6305
6306
6308
6309
6310
6311
6312
6313
6317
6318
6319
6321
6323
6324
6325
6326
6327
6328
6329
6331
6332
6333
6334
6335
6336
6337
6338
6339
6340
6341
6343
6344
6346
6347
6348
6349
6350
6351
6352
6353
6354
6355
6356
6357
6358
6359
6360
6361
6364
6365
6366
6367
6368
6369
6370
6372
6373
6374
6382
6384
6385
6386
6387
6391
6392
6393
6394
6395
6396
6397
6398
6399
6400
6401
6402
6403
6404
6405
6406
6407
6408
6411
6413
6414
6415
6416
6417
6418
6420
6421
6422
6423
6424
6426
6427
6428
6429
6430
6431
6432
6433
6434
6435
6436
6437
6438
6439
6440
6441
6443
6444
6445
6446
6447
6448
6449
6450
6451
6452
6453
6454
6455
6456
6457
6458
6459
6460
6461
6462
6463
6464
6465
6466
6467
6468
6469
6470
6471
6472
6473
6474
6475
6476
6477
6478
6481
6482
6483
6484
6485
6486
6487
6488
6489
6490
6491
6492
6494
6495
6496
6497
6498
6499
6501
6502
6503
6505
6506
6507
6509
6510
6511
6512
6513
6516
6517
6519
6522
6523
6524
6528
6529
6530
6531
6532
6533
6535
6536
6537
6541
6542
6543
6548
6550
6552
6553
6556
6558
6560
6561
6563
6564
6566
6575
6582
6583
6587
6589
6593
6598
6599
6600
6610
6611
6612
6619
6620
6621
6622
6623
6624
6627
6628
6629
6630
6631
6632
6633
6634
6635
6636
6637
6638
6639
6640
6641
6642
6643
6644
6645
6646
6647
6648
6650
6655
6657
6658
6659
6662
6663
6664
6665
6666
6667
6668
6670
6671
6672
6674
6675
6679
6681
6683
6684
6686
6709
6712
6715
6716
6718
6741
6743
6753
6761
6765
6766
6767
6768
6772
6780
6781
6782
6783
6785
6787
6791
6792
6793
6801
6804
6810
6811
6813
6822
6831
6832
6836
6841
6853
6855
6856
6857
6861
6864
6865
6867
6869
6870
6873
6874
6877
6890
6892
6896
6899
6904
6908
6909
6911
6914
6915
6916
6917
6921
6926
6936
6937
6938
6939
6945
6949
6950
6951
6953
6969
7010
7012
7020
7024
7025
7036
7038
7046
7048
7049
7066
7087
7088
7089
7097
7098
7099
7103
7104
7108
7113
7115
7127
7132
7135
7136
7138
7143
7144
7145
7154
7159
7206
7209
7218
7221
7225
7233
7241
7244
7247
7322
7329
7333
7334
7335
7336
7339
7343
7344
7345
7347
7348
7351
7352
7353
7354
7355
7357
7386
7387
7389
7391
7406
7419
7426
7431
7443
7444
7445
7446
7447
7450
7453
7469
7470
7477
7478
7481
7482
7486
7487
7488
7490
7491
7492
7494
7495
7496
7497
7498
7499
7500
7501
7502
7503
7504
7505
7506
7507
7508
7510
7512
7513
7514
7515
7516
7517
7518
7519
7520
7521
7522
7523
7526
7527
7528
7529
7530
7531
7532
7533
7534
7535
7538
7540
7542
7543
7544
7545
7546
7547
7548
7549
7554
7556
7558
7559
7560
7561
7562
7563
7564
7565
7566
7569
7570
7571
7572
7574
7575
7576
7577
7578
7579
7580
7581
7582
7583
7584
7585
7586
7587
7588
7589
7590
7591
7592
7593
7594
7595
7596
7598
7599
7600
7601
7602
7603
7605
7607
7609
7611
7612
7613
7614
7616
7619
7622
7623
7625
7626
7629
7632
7634
7636
7637
7642
7645
7646
7647
7648
7649
7653
7654
7655
7657
7658
7659
7660
7661
7662
7663
7668
7669
7670
7672
7677
7678
7679
7680
7681
7682
7683
7685
7686
7687
7688
7691
7692
7693
7694
7695
7696
7697
7699
7700
7702
7704
7711
7713
7714
7715
7716
7719
7720
7721
7722
7728
7729
7730
7731
7732
7733
7734
7735
7736
7737
7738
7739
7743
7745
7751
7752
7753
7754
7759
7761
7763
7769
7770
7773
7775
7776
7778
7779
7781
7782
7783
7788
7789
7796
7797
7798
7799
7800
7804
7807
7810
7811
7814
7815
7816
7817
7818
7819
7821
7822
7823
7824
7825
7826
7827
7828
7829
7830
7831
7832
7833
7834
7835
7836
7837
7838
7840
7841
7842
7843
7844
7845
7846
7847
7848
7849
7850
7851
7852
7858
7862
7864
7865
7872
7873
7875
7880
7881
7882
7883
7887
7888
7890
7891
7892
7894
7895
7898
7899
7900
7901
7902
7903
7904
7905
7906
7908
7909
7910
7911
7912
7913
7914
7915
7916
7917
7918
7919
7920
7921
7922
7923
7924
7926
7927
7928
7929
7930
7931
7932
7933
7934
7935
7936
7937
7938
7939
7940
7941
7942
7943
7944
7945
7946
7947
7948
7949
7950
7951
7952
7953
7954
7955
7956
7957
7958
7959
7961
7962
7963
7964
7965
7966
7967
7968
7970
7971
7972
7973
7976
7977
7978
7979
7980
7981
7983
7988
7989
7990
7991
7992
7993
7994
7995
7996
7997
7998
8001
8002
8003
8004
8005
8006
8008
8011
8012
8013
8014
8016
8024
8025
8026
8027
8028
8029
8030
8031
8032
8033
8034
8035
8037
8039
8040
8041
8043
8044
8045
8048
8049
8050
8051
8052
8053
8054
8055
8056
8058
8059
8061
8062
8063
8064
8065
8070
8072
8074
8075
8076
8077
8078
8079
8080
8081
8082
8083
8084
8085
8086
8087
8088
8089
8090
8091
8092
8093
8094
8095
8096
8097
8098
8099
8100
8101
8104
8105
8107
8108
8109
8110
8113
8114
8117
8118
8120
8121
8122
8123
8124
8126
8128
8130
8132
8133
8134
8136
8138
8139
8140
8142
8144
8146
8148
8150
8151
8152
8154
8156
8157
8158
8159
8160
8161
8162
8163
8164
8165
8168
8169
8171
8173
8174
8175
8177
8179
8183
8185
8189
8190
8193
8194
8195
8196
8197
8198
8199
8200
8201
8202
8203
8204
8205
8206
8207
8208
8209
8210
8211
8212
8213
8217
8218
8219
8220
8221
8222
8223
8224
8225
8226
8227
8228
8229
8230
8231
8232
8234
8235
8236
8237
8238
8239
8240
8241
8243
8246
8248
8249
8250
8253
8255
8256
8257
8258
8259
8260
8261
8262
8263
8264
8265
8266
8267
8268
8269
8270
8271
8272
8273
8274
8275
8276
8277
8278
8279
8280
8281
8282
8283
8286
8287
8288
8289
8290
8291
8292
8293
8294
8295
8296
8297
8298
8299
8300
8301
8302
8303
8304
8305
8306
8307
8308
8309
8310
8311
8312
8313
8314
8315
8316
8317
8318
8319
8320
8321
8322
8324
8325
8326
8332
8333
8334
8335
8336
8337
8338
8339
8340
8341
8342
8343
8344
8345
8346
8347
8348
8350
8353
8355
8362
8363
8364
8365
8366
8367
8368
8369
8370
8371
8372
8373
8374
8375
8376
8377
8378
8379
8380
8381
8382
8383
8384
8385
8386
8387
8388
8389
8390
8391
8392
8393
8394
8395
8396
8398
8399
8400
8401
8402
8403
8404
8405
8406
8407
8408
8409
8410
8411
8412
8413
8414
8415
8416
8418
8419
8420
8421
8422
8423
8424
8425
8426
8427
8430
8431
8433
8434
8435
8436
8437
8438
8441
8444
8445
8449
8450
8451
8452
8453
8455
8456
8457
8458
8460
8462
8464
8465
8466
8467
8468
8470
8471
8472
8473
8474
8475
8476
8477
8479
8480
8481
8482
8483
8484
8485
8490
8493
8495
8497
8501
8503
8504
8505
8506
8507
8508
8509
8512
8513
8514
8515
8520
8521
8522
8523
8524
8525
8526
8527
8528
8529
8530
8531
8532
8535
8536
8539
8540
8541
8542
8543
8544
8545
8546
8547
8548
8549
8550
8552
8553
8555
8556
8557
8558
8559
8560
8562
8563
8564
8567
8570
8571
8572
8573
8574
8575
8576
8578
8579
8581
8582
8583
8584
8585
8586
8587
8590
8591
8592
8593
8594
8597
8599
8602
8603
8604
8608
8609
8612
8613
8615
8616
8617
8621
8623
8631
8633
8636
8637
8639
8640
8642
8649
8652
8653
8654
8655
8656
8657
8658
8659
8660
8662
8663
8664
8665
8666
8668
8669
8670
8678
8683
8686
8687
8688
8689
8698
8705
8706
8709
8710
8711
8713
8715
8716
8718
8720
8721
8722
8726
8728
8729
8731
8732
8745
8746
8747
8748
8749
8751
8754
8756
8757
8758
8760
8767
8770
8775
8776
8777
8778
8779
8780
8781
8783
8786
8787
8788
8789
8792
8793
8794
8795
8796
8797
8802
8805
8809
8810
8815
8816
8817
8819
8822
8823
8836
8837
8838
8840
8842
8844
8849
8850
8851
8853
8858
8859
8860
8861
8862
8863
8871
8874
8877
8880
8890
8891
8911
8921
8926
8928
8941
8942
8948
8987
8989
8990
8991
9016
9018
9019
9020
9021
9030
9031
9040
9045
9046
9047
9048
9053
9056
9058
9059
9060
9062
9064
9065
9066
9067
9072
9081
9082
9083
9086
9088
9089
9091
9093
9097
9098
9100
9101
9112
9115
9116
9129
9146
9156
9158
9159
9164
9169
9172
9173
9174
9198
9206
9209
9210
9211
9212
9213
9214
9216
9217
9221
9222
9233
9235
9236
9237
9238
9239
9240
9245
9246
9260
9261
9263
9277
9278
9280
9281
9282
9283
9286
9287
9294
9302
9308
9310
9318
9330
9334
9339
9353
9354
9361
9363
10579
10585
10604
10619
10625
10644
10655
10669
10694
10706
10712
10713
10716
10719
10720
10729
10733
10734
10735
10737
10740
10743
10805
10828
10863
10868
10917
10939
10954
10956
10962
10965
10987
11006
11015
11018
11031
11043
11046
11047
11048
11051
11061
11062
11079
11089
11128
11151
11154
11185
11198
11233
11267
11271
11283
11320
11328
11347
11349
11359
11360
11372
11373
11374
11378
11383
11394
11395
11398
11400
11426
11427
11461
11462
11485
11493
11500
11529
11541
11545
11546
11550
11551
11553
11555
11556
11557
11558
11560
11561
11566
11567
11578
11582
11585
11589
11595
11604
11605
11609
11632
11636
11637
11648
11649
11650
11658
11659
11661
11662
11663
11664
11665
11669
11671
11672
11673
11675
11676
11679
11680
11681
11684
11695
11697
11704
11705
11711
11712
11714
11716
11720
11722
11724
11729
11730
11731
11732
11733
11734
11735
11742
11747
11770
11785
11790
11792
11803
11806
11807
11808
11818
11820
11821
11822
11845
11847
11849
11850
11851
11856
11861
11862
11864
11865
11866
11870
11873
11875
11876
11877
11882
11883
11885
11896
11899
11904
11907
11908
11910
11911
11913
11915
11919
11920
11921
11922
11923
11925
11927
11928
11929
11931
11933
11934
11935
11938
11939
11940
11942
11943
11944
11949
11950
11951
11952
11953
11957
11958
11959
11962
11963
11964
11967
11968
11972
11977
11979
11981
11983
11984
11985
11991
12002
12011
12013
12016
12023
12026
12028
12030
12032
12035
12037
12039
12040
12041
12044
12047
12051
12053
12056
12058
12060
12061
12062
12063
12064
12066
12067
12068
12072
12073
12076
12077
12081
12083
12084
12086
12088
12089
12091
12095
12104
12109
12110
12112
12114
12115
12118
12122
12123
12127
12128
12130
12137
12138
12141
12142
12147
12148
12149
12151
12152
12154
12155
12156
12158
12159
12160
12161
12162
12163
12164
12165
12166
12167
12168
12169
12170
12171
12173
12176
12178
12179
12180
12181
12182
12186
12256
12280
12330
12335
12336
12417
12418
12421
12422
12426
12427
12428
12442
12460
12461
12484
12486
12490
12495
12496
12509
12510
12521
12525
12526
12535
12536
12542
12558
12569
12570
12571
12574
12579
12580
12596
12606
12609
12612
12615
12616
12617
12626
12647
12665
12667
12674
12678
12684
12687
12694
12696
12701
12716
12720
12721
12722
12740
12782
12792
12801
12835
12837
12841
12845
12848
12856
12857
12883
12884
12887
12890
12892
12900
12902
12907
12908
12909
12913
12925
12933
12992
13000
13019
13020
13024
13026
13028
13029
13034
13048
13049
13050
13051
13060
13073
13087
13088
13096
13097
13098
13099
13101
13102
13103
13104
13106
13107
13109
13110
13111
13112
13113
13114
13115
13117
13119
13120
13121
13122
13128
13132
13136
13153
13170
13172
13177
13193
13195
13208
13210
13211
13212
13213
13218
13219
13256
13257
13258
13259
13262
13278
13279
13280
13281
13282
13283
13284
13285
13286
13287
13288
13289
13290
13291
13292
13293
13294
13295
13296
13297
13302
13303
13304
13305
13306
13307
13308
13309
13310
13311
13312
13313
13315
13317
13320
13321
13323
13324
13325
13326
13329
13330
13331
13332
13333
13334
13336
13337
13338
13343
13344
13345
13347
13348
13349
13350
13351
13352
13353
13354
13355
13357
13362
13366
13367
13390
13396
13398
13418
13425
13439
13440
13443
13447
13448
13450
13453
13456
13457
13458
13459
13466
13471
13472
13475
13491
13492
13495
13496
13497
13498
13505
13508
13509
13510
13511
13514
13517
13520
13522
13523
13524
13528
13529
13530
13533
13534
13535
13536
13541
13542
13543
13544
13545
13546
13547
13548
13549
13550
13551
13552
13553
13554
13555
13556
13557
13558
13566
13569
13570
13571
13577
13578
13579
13584
13585
13587
13589
13597
13598
13608
13609
13612
13615
13617
13619
13620
13633
13638
13647
13654
13656
13658
13659
13660
13661
13662
13663
13670
13672
13674
13676
13677
13678
13682
13683
13686
13687
13688
13689
13690
13691
13693
13694
13695
13696
13698
13699
13700
13701
13703
13704
13705
13706
13707
13708
13709
13710
13711
13712
13713
13714
13716
13718
13719
13720
13721
13722
13723
13725
13726
13727
13728
13729
13730
13732
13733
13735
13737
13738
13739
13741
13746
13749
13751
13752
13753
13754
13756
13757
13758
13759
13760
13762
13763
13764
13765
13766
13769
13771
13772
13773
13776
13777
13778
13779
13780
13781
13782
13784
13786
13787
13790
13791
13792
13794
13795
13796
13797
13798
13799
13800
13802
13806
13808
13810
13811
13812
13820
13821
13823
13824
13825
13827
13828
13830
13833
13834
13835
13836
13837
13838
13839
13840
13841
13842
13843
13844
13850
13855
13866
13867
13873
13875
13876
13878
13879
13880
13884
13885
13896
13899
13902
13906
13907
13908
13911
13913
13914
13915
13916
13917
13918
13919
13920
13924
13928
13929
13930
13931
13934
13936
13937
13939
13941
13942
13943
13944
13945
13946
13949
13950
13951
13953
13963
13971
13972
13973
13980
13983
13987
13989
13992
13993
13998
14002
14004
14014
14015
14016
14020
14021
14022
14023
14024
14027
14028
14031
14032
14033
14034
14035
14036
14037
14038
14041
14044
14046
14048
14050
14055
14056
14057
14058
14060
14064
14073
14076
14078
14080
14084
14086
14087
14093
14094
14096
14099
14103
14114
14122
14123
14124
14127
14134
14135
14137
14140
14143
14145
14147
14151
14156
14162
14165
14167
14168
14169
14175
14177
14180
14181
14183
14190
14193
14194
14198
14206
14211
14223
14225
14226
14227
14228
14229
14230
14233
14234
14235
14236
14238
14239
14242
14248
14250
14251
14254
14255
14256
14260
14261
14262
14263
14264
14265
14266
14267
14269
14270
14271
14276
14277
14278
14286
14287
14291
14292
14293
14295
14296
14298
14299
14300
14301
14302
14304
14305
14307
14309
14310
14311
14313
14316
14317
14321
14322
14323
14324
14326
14327
14329
14337
14338
14339
14340
14341
14342
14343
14344
14345
14347
14348
14349
14350
14351
14352
14353
14355
14359
14361
14362
14375
14376
14377
14379
14381
14382
14383
14384
14387
14390
14391
14392
14393
14395
14400
14402
14404
14406
14407
14408
14411
14415
14416
14418
14420
14421
14422
14423
14429
14432
14435
14436
14437
14438
14439
14440
14442
14443
14444
14445
14446
14447
14449
14450
14452
14454
14456
14457
14458
14461
14464
14465
14466
14469
14470
14474
14475
14479
14480
14481
14483
14484
14485
14486
14487
14488
14489
14491
14493
14494
14495
14496
14497
14498
14499
14500
14501
14502
14503
14505
14518
14521
14523
14527
14529
14535
14539
14543
14544
14545
14547
14550
14557
14558
14560
14561
14563
14564
14565
14569
14572
14576
14577
14578
14579
14580
14581
14582
14584
14585
14586
14587
14588
14589
14590
14592
14594
14597
14599
14600
14602
14604
14607
14609
14611
14613
14618
14619
14620
14621
14622
14624
14626
14629
14633
14635
14637
14638
14639
14642
14643
14646
14649
14655
14656
14657
14660
14665
14669
14671
14673
14680
14686
14688
14691
14696
14701
14702
14705
14706
14708
14709
14710
14711
14712
14713
14715
14716
14718
14719
14720
14721
14722
14724
14725
14728
14729
14730
14731
14733
14735
14736
14737
14738
14739
14740
14741
14744
14745
14747
14748
14749
14750
14751
14752
14753
14754
14756
14757
14758
14759
14760
14761
14762
14763
14767
14768
14770
14774
14776
14778
14779
14780
14781
14782
14783
14784
14785
14786
14787
14790
14792
14794
14798
14799
14801
14807
14808
14809
14812
14813
14815
14816
14818
14819
14820
14821
14824
14825
14826
14827
14829
14830
14832
14834
14835
14836
14840
14841
14844
14845
14846
14849
14851
14854
14855
14856
14857
14858
14859
14860
14862
14863
14867
14868
14874
14877
14879
14880
14884
14887
14893
14894
14898
14908
14910
14922
14923
14924
14926
14927
14928
14929
14930
14931
14932
14933
14934
14935
14938
14939
14940
14942
14943
14945
14947
14948
14949
14950
14951
14952
14953
14954
14958
14959
14960
14961
14962
14963
14964
14965
14966
14967
14968
14969
14970
14971
14973
14974
14975
14977
14979
14980
14981
14983
14984
14985
14987
14988
14989
14990
14991
14992
14993
14994
14995
14997
14998
14999
15000
15001
15002
15003
15005
15006
15007
15008
15009
15011
15012
15013
15015
15016
15020
15023
15024
15025
15026
15029
15031
15033
15034
15036
15037
15040
15041
15042
15044
15045
15047
15048
15049
15050
15051
15053
15054
15055
15056
15057
15059
15060
15061
15063
15065
15066
15067
15068
15073
15074
15075
15076
15077
15078
15080
15082
15083
15085
15086
15088
15089
15090
15092
15093
15094
15097
15098
15099
15100
15102
15103
15104
15105
15106
15107
15108
15109
15111
15112
15114
15115
15117
15120
15123
15124
15125
15126
15128
15130
15133
15134
15135
15136
15137
15140
15142
15144
15145
15146
15147
15149
15151
15152
15156
15157
15158
15159
15160
15161
15162
15164
15165
15166
15167
15170
15171
15172
15173
15176
15177
15178
15179
15181
15183
15186
15189
15190
15191
15193
15194
15196
15197
15198
15199
15200
15201
15202
15204
15207
15208
15209
15210
15213
15214
15215
15216
15217
15220
15221
15223
15224
15226
15228
15229
15232
15234
15240
15241
15243
15244
15245
15248
15249
15250
15252
15254
15255
15256
15257
15258
15261
15262
15263
15264
15265
15267
15268
15270
15273
15274
15279
15280
15281
15282
15283
15284
15285
15286
15287
15295
15296
15297
15299
15303
15307
15309
15310
15316
15317
15320
15321
15322
15327
15330
15336
15338
15340
15341
15343
15344
15345
15346
15348
15349
15350
15352
15353
15356
15358
15364
15365
15367
15369
15370
15373
15374
15375
15376
15378
15380
15381
15382
15384
15385
15388
15389
15390
15391
15392
15393
15394
15395
15396
15398
15399
15400
15401
15402
15403
15405
15408
15409
15413
15414
15415
15416
15417
15418
15419
15420
15424
15426
15430
15431
15433
15434
15435
15437
15443
15448
15449
15452
15453
15455
15456
15457
15458
15460
15462
15463
15464
15465
15467
15469
15470
15471
15472
15474
15476
15480
15481
15482
15483
15484
15485
15486
15489
15490
15493
15494
15495
15497
15498
15500
15501
15502
15503
15507
15508
15509
15514
15518
15519
15520
15522
15526
15527
15529
15530
15531
15533
15534
15535
15536
15538
15539
15542
15543
15544
15545
15547
15555
15556
15559
15561
15562
15563
15567
15569
15573
15574
15576
15578
15581
15582
15583
15584
15585
15586
15589
15590
15592
15593
15594
15595
15596
15599
15602
15604
15606
15608
15610
15614
15615
15616
15618
15621
15622
15625
15628
15630
15632
15633
15636
15637
15638
15640
15641
15642
15643
15649
15650
15651
15652
15654
15655
15656
15657
15658
15659
15663
15666
15667
15668
15669
15670
15672
15673
15678
15680
15682
15685
15687
15689
15691
15692
15694
15701
15703
15705
15710
15711
15712
15715
15716
15718
15723
15725
15728
15729
15731
15732
15733
15735
15736
15737
15738
15739
15741
15744
15746
15747
15748
15749
15752
15759
15760
15761
15762
15763
15764
15767
15768
15769
15770
15773
15775
15776
15777
15778
15779
15781
15783
15784
15785
15788
15789
15792
15793
15794
15795
15796
15797
15799
15800
15801
15802
15803
15804
15806
15807
15808
15810
15813
15815
15816
15819
15820
15822
15823
15824
15825
15826
15828
15830
15836
15837
15842
15843
15844
15845
15846
15849
15850
15851
15852
15853
15855
15856
15857
15859
15861
15863
15864
15865
15866
15868
15869
15870
15872
15873
15875
15876
15877
15878
15879
15880
15881
15882
15884
15885
15886
15887
15890
15891
15893
15896
15897
15898
15899
15900
15901
15902
15903
15904
15905
15909
15910
15911
15913
15914
15915
15916
15917
15920
15921
15922
15923
15924
15925
15926
15927
15929
15930
15931
15932
15933
15936
15940
15941
15944
15946
15948
15949
15955
15956
15958
15964
15965
15973
15975
15977
15978
15980
15983
15992
15993
15994
15996
15999
16006
16009
16011
16014
16015
16017
16019
16020
16022
16028
16030
16032
16038
16039
16041
16058
16060
16066
16075
16078
16092
16095
16096
16098
16099
16104
16106
16107
16111
16112
16113
16114
16115
16117
16125
16127
16128
16129
16130
16131
16132
16134
16135
16136
16139
16140
16144
16145
16146
16148
16149
16151
16153
16154
16155
16156
16159
16160
16162
16163
16164
16166
16167
16169
16171
16174
16178
16180
16183
16185
16186
16187
16188
16189
16194
16201
16203
16208
16209
16211
16212
16213
16214
16217
16221
16223
16224
16228
16232
16233
16235
16236
16237
16238
16239
16240
16241
16242
16243
16244
16251
16254
16255
16257
16258
16259
16260
16261
16263
16264
16267
16268
16270
16271
16272
16274
16275
16278
16279
16280
16282
16284
16285
16288
16289
16293
16299
16300
16301
16303
16304
16305
16307
16308
16309
16311
16313
16316
16317
16318
16320
16321
16322
16324
16325
16326
16328
16329
16333
16334
16339
16340
16346
16348
16350
16353
16354
16355
16357
16360
16361
16362
16363
16365
16366
16367
16370
16371
16372
16373
16374
16375
16376
16377
16379
16380
16383
16384
16385
16387
16388
16390
16392
16393
16394
16395
16396
16397
16398
16401
16402
16404
16408
16409
16413
16414
16416
16417
16418
16420
16421
16422
16423
16424
16425
16426
16427
16428
16429
16431
16435
16436
16437
16438
16439
16441
16442
16444
16457
16459
16460
16462
16463
16464
16465
16466
16468
16469
16470
16472
16473
16474
16475
16477
16479
16480
16483
16484
16486
16489
16490
16492
16498
16502
16509
16510
16513
16515
16516
16517
16518
16519
16521
16522
16523
16524
16525
16528
16529
16530
16532
16535
16536
16537
16538
16539
16540
16541
16542
16543
16545
16547
16548
16550
16551
16552
16553
16555
16556
16557
16558
16559
16560
16561
16562
16563
16564
16565
16567
16568
16569
16570
16571
16572
16573
16574
16575
16576
16577
16578
16579
16580
16581
16582
16583
16584
16585
16586
16587
16588
16589
16590
16591
16592
16593
16594
16596
16597
16598
16599
16600
16601
16602
16603
16604
16605
16606
16607
16608
16609
16610
16611
16612
16613
16614
16616
16617
16618
16619
16620
16623
16624
16625
16626
16627
16629
16632
16633
16634
16635
16636
16637
16638
16639
16640
16641
16642
16643
16644
16645
16646
16648
16649
16650
16651
16652
16653
16654
16655
16656
16657
16658
16660
16661
16662
16663
16664
16665
16666
16667
16669
16670
16671
16672
16673
16675
16676
16677
16678
16679
16680
16682
16683
16684
16685
16687
16689
16693
16694
16695
16696
16697
16700
16701
16703
16705
16706
16707
16708
16709
16710
16711
16712
16713
16714
16717
16718
16719
16720
16724
16734
16738
16741
16742
16745
16746
16749
16750
16751
16752
16753
16754
16755
16756
16757
16759
16760
16762
16765
16767
16768
16769
16772
16773
16774
16775
16776
16777
16778
16779
16780
16781
16782
16783
16784
16785
16786
16787
16788
16789
16790
16791
16792
16793
16795
16796
16797
16798
16799
16800
16801
16802
16803
16806
16810
16811
16813
16814
16815
16817
16818
16819
16820
16821
16822
16824
16825
16826
16827
16828
16829
16830
16831
16832
16833
16834
16835
16836
16837
16838
16839
16840
16841
16843
16845
16848
16849
16850
16851
16852
16853
16854
16855
16856
16857
16859
16860
16861
16862
16863
16864
16865
16866
16867
16868
16869
16872
16874
16875
16876
16877
16878
16879
16880
16881
16882
16883
16884
16885
16886
16887
16888
16889
16891
16892
16893
16894
16895
16896
16897
16898
16899
16902
16909
16910
16911
16912
16913
16914
16915
16917
16918
16919
16921
16922
16924
16926
16927
16928
16929
16930
16931
16932
16933
16934
16935
16936
16937
16939
16940
16941
16942
16943
16944
16945
16946
16947
16948
16949
16950
16954
16955
16956
16957
16958
16959
16960
16961
16962
16963
16964
16965
16966
16967
16968
16969
16971
16972
16973
16974
16975
16976
16977
16978
16980
16981
16982
16983
16984
16985
16986
16987
16988
16989
16990
16991
16992
16993
16994
16995
16996
16997
16998
16999
17000
17001
17002
17003
17004
17005
17006
17008
17009
17011
17012
17013
17014
17015
17016
17017
17018
17019
17020
17021
17022
17023
17024
17025
17026
17027
17029
17030
17031
17033
17034
17035
17037
17038
17039
17040
17041
17044
17050
17056
17057
17058
17059
17060
17061
17062
17063
17064
17065
17069
17074
17075
17076
17078
17079
17080
17081
17086
17088
17089
17091
17093
17094
17103
17110
17112
17116
17126
17128
17136
17137
17138
17139
17147
17148
17149
17150
17151
17152
17155
17156
17157
17158
17159
17160
17161
17162
17163
17164
17165
17166
17167
17169
17170
17171
17172
17173
17174
17175
17176
17177
17181
17183
17184
17185
17186
17187
17189
17190
17191
17192
17193
17194
17196
17198
17199
17200
17202
17203
17208
17209
17211
17214
17229
17233
17241
17242
17243
17244
17269
17271
17282
17289
17293
17294
17296
17299
17309
17310
17312
17313
17315
17318
17319
17324
17328
17330
17331
17337
17338
17340
17349
17367
17379
17381
17383
17387
17390
17391
17396
17398
17399
17400
17403
17416
17418
17422
17423
17429
17433
17434
17435
17436
17439
17440
17441
17442
17446
17447
17451
17461
17462
17463
17464
17473
17474
17475
17476
17478
17494
17532
17535
17537
17545
17549
17550
17561
17562
17571
17573
17574
17591
17613
17622
17624
17628
17629
17633
17642
17643
17646
17652
17659
17664
17667
17668
17669
17670
17679
17684
17709
17731
17746
17758
17763
17766
17777
17847
17854
17855
17858
17859
17860
17868
17869
17870
17871
17872
17873
17876
17877
17878
17881
17882
17909
17911
17912
17913
17914
17930
17931
17944
17951
17961
17969
17970
17974
17977
17992
18001
18002
18005
18006
18008
18010
18011
18012
18013
18014
18015
18016
18018
18019
18020
18021
18022
18023
18024
18025
18026
18027
18028
18029
18030
18031
18032
18034
18035
18036
18037
18038
18039
18040
18041
18042
18043
18044
18045
18046
18047
18048
18050
18051
18052
18053
18054
18055
18056
18057
18058
18063
18064
18066
18068
18069
18070
18071
18072
18073
18078
18079
18081
18082
18083
18084
18085
18086
18087
18088
18089
18090
18092
18093
18094
18095
18096
18097
18098
18099
18100
18101
18102
18103
18104
18105
18106
18107
18108
18109
18110
18111
18112
18113
18114
18115
18116
18117
18118
18119
18120
18121
18122
18123
18124
18125
18126
18127
18129
18130
18131
18135
18136
18137
18138
18140
18143
18144
18147
18149
18150
18156
18157
18158
18160
18166
18169
18170
18171
18172
18173
18177
18178
18179
18181
18183
18184
18185
18186
18187
18193
18194
18196
18198
18201
18202
18203
18204
18205
18207
18208
18209
18210
18211
18212
18213
18215
18216
18217
18218
18219
18220
18221
18223
18224
18226
18227
18228
18231
18232
18235
18236
18238
18239
18240
18243
18244
18245
18249
18250
18251
18253
18254
18255
18256
18257
18258
18259
18260
18261
18262
18265
18268
18269
18275
18276
18277
18278
18279
18283
18284
18285
18286
18287
18291
18293
18294
18296
18297
18301
18303
18304
18306
18312
18313
18314
18315
18316
18318
18319
18320
18322
18323
18324
18327
18328
18330
18331
18338
18339
18340
18341
18342
18343
18345
18346
18347
18348
18349
18350
18351
18352
18353
18354
18355
18356
18357
18358
18359
18360
18361
18362
18363
18364
18365
18366
18367
18368
18369
18370
18371
18372
18373
18374
18375
18376
18377
18382
18388
18389
18399
18401
18403
18405
18406
18407
18410
18411
18414
18416
18417
18422
18423
18424
18425
18427
18428
18429
18430
18432
18433
18434
18435
18436
18437
18438
18439
18440
18441
18442
18443
18444
18445
18446
18447
18448
18450
18451
18452
18453
18454
18455
18456
18458
18459
18460
18461
18462
18463
18464
18465
18466
18467
18468
18469
18470
18471
18472
18473
18474
18475
18476
18477
18478
18479
18480
18481
18482
18483
18484
18485
18487
18488
18489
18490
18491
18492
18494
18495
18496
18497
18498
18499
18501
18502
18503
18504
18505
18507
18509
18511
18512
18513
18514
18515
18516
18517
18518
18519
18520
18521
18522
18525
18526
18527
18528
18529
18530
18534
18535
18536
18537
18538
18539
18540
18548
18550
18551
18552
18553
18554
18555
18556
18557
18558
18559
18560
18562
18563
18564
18566
18567
18568
18571
18572
18573
18574
18575
18576
18577
18578
18579
18580
18581
18582
18584
18585
18586
18587
18595
18596
18597
18598
18599
18600
18601
18602
18603
18604
18605
18606
18607
18608
18609
18610
18611
18612
18613
18614
18615
18616
18617
18618
18619
18620
18621
18622
18623
18624
18627
18628
18631
18632
18633
18636
18637
18640
18641
18642
18643
18644
18645
18646
18647
18649
18652
18653
18655
18658
18659
18661
18662
18663
18665
18666
18667
18668
18669
18671
18672
18673
18674
18679
18680
18681
18682
18683
18684
18685
18686
18688
18691
18692
18694
18696
18697
18698
18700
18702
18704
18706
18707
18708
18709
18710
18712
18713
18714
18716
18717
18718
18719
18720
18721
18722
18723
18724
18725
18726
18727
18728
18729
18730
18731
18734
18735
18736
18737
18740
18741
18742
18743
18744
18745
18746
18747
18748
18749
18750
18751
18752
18753
18754
18755
18757
18758
18759
18760
18761
18762
18763
18764
18765
18766
18769
18770
18771
18772
18773
18774
18775
18776
18777
18778
18779
18780
18782
18783
18784
18785
18786
18787
18788
18789
18790
18791
18792
18793
18794
18795
18796
18797
18798
18799
18800
18801
18802
18803
18804
18805
18806
18809
18810
18811
18812
18813
18814
18815
18816
18817
18818
18819
18820
18821
18822
18823
18824
18825
18826
18827
18828
18829
18830
18831
18832
18833
18834
18835
18836
18837
18838
18839
18840
18841
18842
18843
18844
18845
18846
18847
18849
18855
18856
18857
18858
18859
18860
18861
18862
18863
18864
18865
18866
18867
18868
18869
18870
18871
18872
18873
18875
18876
18882
18883
18884
18885
18886
18887
18888
18889
18890
18891
18892
18893
18894
18895
18896
18897
18898
18899
18900
18901
18902
18903
18904
18905
18906
18907
18908
18909
18910
18912
18913
18914
18915
18916
18917
18918
18920
18921
18922
18923
18924
18925
18926
18927
18928
18929
18930
18931
18932
18933
18934
18935
18936
18937
18938
18939
18940
18941
18942
18943
18944
18945
18946
18947
18948
18949
18951
18952
18953
18955
18956
18957
18960
18963
18966
18967
18968
18969
18971
18972
18973
18974
18975
18977
18979
18980
18982
18986
18987
18988
18989
18990
18992
18993
18994
18995
18997
18999
19002
19003
19004
19005
19006
19007
19008
19010
19011
19012
19015
19017
19019
19023
19025
19026
19027
19028
19029
19030
19031
19034
19035
19036
19037
19038
19042
19043
19044
19045
19046
19047
19048
19049
19050
19051
19052
19053
19054
19058
19059
19060
19061
19062
19064
19065
19066
19067
19068
19069
19070
19071
19072
19073
19074
19075
19076
19077
19078
19079
19080
19081
19082
19084
19086
19087
19089
19093
19094
19095
19097
19098
19100
19101
19102
19103
19104
19105
19106
19107
19108
19109
19112
19113
19115
19117
19118
19122
19124
19125
19126
19132
19134
19135
19137
19138
19143
19145
19150
19151
19153
19155
19157
19158
19159
19170
19171
19172
19176
19177
19178
19179
19180
19181
19182
19185
19186
19187
19188
19190
19191
19192
19193
19194
19199
19200
19204
19206
19207
19209
19210
19211
19218
19219
19220
19221
19222
19223
19227
19228
19232
19233
19237
19238
19242
19243
19244
19248
19250
19251
19254
19255
19267
19268
19269
19271
19273
19276
19278
19279
19280
19282
19289
19292
19296
19297
19298
19299
19300
19302
19303
19304
19305
19307
19309
19310
19311
19313
19314
19315
19316
19317
19318
19319
19327
19331
19332
19333
19336
19337
19338
19339
19341
19345
19359
19360
19362
19366
19367
19368
19370
19372
19373
19376
19380
19381
19382
19383
19384
19385
19386
19389
19393
19397
19399
19401
19402
19407
19412
19413
19424
19433
19442
19447
19449
19462
19507
19509
19510
19536
19537
19538
19539
19540
19541
19548
19550
19551
19556
19560
19563
19565
19566
19567
19568
19573
19576
19578
19579
19580
19582
19584
19585
19586
19587
19596
19600
19602
19603
19606
19608
19609
19611
19613
19617
19618
19620
19626
19632
19635
19636
19666
19676
19678
19679
19689
19692
19693
19694
19700
19702
19717
19718
19726
19729
19730
19732
19733
19734
19737
19741
19753
19754
19755
19756
19757
19758
19759
19760
19766
19780
19781
19783
19797
19798
19800
19801
19802
19803
19806
19807
19822
19828
19830
19837
19838
19850
19854
19859
19873
19874
19876
19881
49
138
670
749
818
839
999
1022
1094
1106
1108
1126
1151
1158
1163
1176
1268
1295
1312
1325
1330
1353
1373
1391
1392
1488
1491
1495
1518
1543
1578
1581
1612
1613
1614
1615
1617
1618
1622
1624
1783
1937
1943
1964
2027
2028
2029
2068
2074
2128
2155
2162
2177
2184
2245
2256
2301
2321
2565
2578
2580
2602
2684
2685
2724
2755
2773
2774
2777
2782
2790
2791
2795
2803
2917
2924
2963
2974
2988
2990
2995
3003
3021
3025
3032
3037
3065
3075
3099
3120
3136
3143
3165
3169
3180
3187
3188
3191
3196
3201
3203
3207
3208
3218
3220
3221
3222
3223
3226
3228
3230
3241
3261
3262
3263
3265
3277
3329
3377
3378
3382
3384
3391
3396
3408
3416
3428
3440
3636
3684
3701
3704
3726
3728
3754
3760
3764
3775
3797
3806
3808
3815
3818
3821
3849
3852
3855
3857
3860
3920
3936
3940
3947
3954
3962
3965
4029
4046
4053
4068
4070
4089
4092
4103
4117
4139
4154
4156
4167
4173
4181
4205
4247
4251
4252
4255
4261
4267
4276
4278
4287
4353
4355
4356
4395
4404
4409
4417
4423
4428
4447
4451
4455
4484
4485
4487
4498
4504
4508
4518
4535
4536
4560
4561
4563
4564
4584
4595
4609
4621
4626
4660
4683
4710
4712
4713
4717
4723
4734
4740
4753
4754
4758
4768
4771
4782
4813
4868
4869
4882
4886
4913
4921
4936
4950
4953
4954
4978
4998
5028
5062
5069
5086
5087
5096
5108
5115
5130
5138
5176
5206
5234
5244
5270
5278
5296
5297
5316
5335
5337
5341
5347
5351
5355
5362
5370
5373
5391
5396
5407
5415
5468
5488
5557
5566
5575
5577
5578
5584
5587
5588
5591
5657
5667
5714
5731
5760
5770
5779
5785
5801
5815
5825
5826
5844
5858
5864
5885
5905
5937
5938
5992
5995
6012
6028
6035
6046
6048
6050
6052
6056
6057
6059
6060
6062
6069
6070
6073
6077
6083
6088
6089
6090
6094
6095
6097
6098
6099
6106
6107
6109
6112
6114
6115
6116
6117
6118
6123
6124
6127
6132
6137
6140
6141
6143
6148
6166
6179
6205
6246
6253
6256
6296
6307
6308
6321
6325
6326
6334
6337
6338
6341
6353
6358
6359
6365
6367
6369
6374
6389
6390
6391
6401
6404
6405
6407
6408
6418
6424
6427
6429
6430
6435
6438
6444
6454
6459
6460
6467
6469
6471
6472
6473
6474
6476
6498
6509
6510
6512
6522
6541
6558
6559
6563
6581
6582
6593
6604
6640
6641
6643
6645
6658
6662
6896
7406
7477
7488
7497
7505
7509
7513
7557
7558
7559
7561
7562
7563
7564
7565
7569
7575
7577
7582
7584
7585
7587
7590
7591
7603
7611
7629
7658
7660
7663
7728
7796
7804
7808
7821
7828
7841
7894
7904
7934
7936
7942
7947
7962
7967
7970
7971
7976
7977
7979
7980
7981
7992
7995
7997
7998
8002
8005
8026
8034
8039
8043
8055
8075
8078
8080
8083
8089
8090
8091
8092
8133
8194
8195
8196
8197
8199
8200
8204
8215
8216
8252
8253
8256
8281
8335
8341
8347
8350
8351
8355
8387
8388
8395
8399
8401
8413
8414
8416
8418
8425
8435
8444
8445
8457
8458
8461
8472
8474
8482
8483
8528
8532
8537
8544
8545
8547
8548
8557
8563
8587
8594
8612
8639
8642
8659
8754
8760
8770
8794
8921
9019
9072
9091
9156
9169
9210
9211
9239
9283
9285
9294
9354
10734
11015
11038
11495
11555
11585
11636
11637
11662
11665
11676
11679
11680
11732
11770
11885
11899
11910
11950
11968
12035
12112
12141
12148
12160
12163
12166
12167
12168
12171
12173
12176
12178
12484
12558
12570
12571
12606
12609
12615
12616
12626
12665
12670
12701
12721
12782
12792
12837
12857
12890
12907
12909
13048
13099
13103
13111
13113
13257
13258
13283
13284
13286
13294
13302
13303
13308
13324
13330
13347
13350
13354
13367
13450
13457
13459
13472
13510
13523
13524
13552
13561
13571
13654
13674
13686
13688
13706
13709
13720
13722
13730
13737
13738
13739
13755
13762
13764
13765
13771
13772
13774
13776
13787
13790
13791
13797
13811
13884
13896
13910
13913
13915
13918
13919
13920
13924
13941
13981
14038
14114
14261
14262
14265
14296
14304
14310
14311
14313
14322
14324
14347
14395
14406
14439
14452
14476
14489
14561
14569
14578
14585
14611
14624
14635
14649
14686
14688
14709
14712
14716
14735
14739
14750
14779
14784
14792
14809
14812
14829
14834
14932
14935
14943
14959
14962
14965
14970
14973
14974
14975
14978
14988
14990
14997
15005
15006
15007
15011
15012
15015
15024
15025
15033
15037
15056
15057
15083
15089
15090
15094
15102
15106
15156
15157
15160
15190
15216
15217
15228
15229
15240
15261
15270
15282
15284
15297
15299
15313
15376
15378
15381
15385
15390
15399
15402
15403
15413
15414
15419
15426
15433
15441
15452
15457
15476
15484
15500
15502
15526
15529
15536
15583
15586
15593
15595
15599
15637
15670
15694
15701
15705
15737
15739
15749
15752
15762
15779
15799
15806
15825
15844
15864
15865
15866
15870
15873
15876
15880
15884
15910
15913
15925
15927
15929
15931
15936
15975
15999
16106
16107
16112
16162
16174
16185
16186
16208
16217
16221
16233
16259
16324
16329
16333
16348
16353
16372
16417
16420
16421
16429
16436
16460
16466
16479
16523
16529
16540
16547
16548
16557
16574
16578
16580
16582
16588
16589
16590
16596
16597
16601
16606
16612
16613
16616
16618
16623
16625
16626
16629
16631
16634
16635
16636
16637
16638
16639
16640
16641
16643
16646
16652
16653
16654
16656
16661
16664
16669
16672
16673
16713
16734
16742
16745
16749
16774
16783
16785
16788
16793
16817
16826
16830
16836
16849
16850
16853
16854
16862
16876
16881
16886
16887
16892
16895
16897
16902
16917
16918
16920
16932
16933
16937
16944
16957
16958
16962
16963
16980
16986
16988
16990
16991
16995
16997
16998
16999
17000
17023
17037
17058
17158
17167
17168
17173
17187
17190
17197
17198
17211
17309
17396
17970
18012
18015
18016
18021
18037
18044
18056
18078
18081
18082
18088
18090
18096
18097
18102
18106
18108
18111
18112
18118
18120
18121
18124
18126
18132
18136
18147
18163
18186
18252
18283
18318
18320
18327
18328
18330
18338
18346
18348
18352
18361
18363
18401
18422
18428
18462
18463
18466
18468
18469
18479
18481
18488
18489
18494
18495
18497
18503
18504
18507
18514
18515
18517
18518
18521
18522
18529
18557
18576
18601
18603
18604
18605
18607
18612
18615
18623
18672
18719
18723
18725
18727
18728
18729
18730
18734
18737
18741
18757
18772
18773
18774
18775
18801
18809
18812
18817
18839
18869
18871
18872
18873
18875
18876
18893
18895
18898
18901
18909
18910
18917
18918
18922
18924
18929
18934
18940
18948
18955
18957
18966
18993
18997
19012
19054
19058
19059
19066
19069
19070
19078
19093
19101
19118
19120
19161
19296
19337
19565
19566
19578
19579
19585
19608
19676
19678
19729
19730
19733
19753
19859
55
1106
1162
1330
1565
1589
1624
1633
2074
2128
2139
2184
2321
2354
2782
2814
2963
2971
2978
3021
3072
3120
3191
3201
3227
3241
3242
3257
3261
3263
3349
3408
3754
3781
3791
3792
3796
3797
3806
3809
3815
3852
3940
4029
4038
4053
4068
4092
4120
4128
4139
4214
4226
4250
4259
4296
4395
4404
4417
4428
4456
4476
4484
4485
4575
4717
4732
4734
4754
4864
4877
4913
4920
4950
5053
5069
5108
5223
5249
5264
5270
5275
5291
5310
5341
5351
5381
5393
5557
5588
5656
5714
5732
5757
5815
5865
5885
5914
6019
6029
6050
6051
6057
6073
6083
6089
6090
6092
6095
6098
6099
6104
6110
6111
6116
6117
6118
6134
6166
6205
6221
6257
6321
6326
6327
6358
6374
6400
6416
6424
6462
6467
6472
6473
6474
6497
6510
6511
6558
6639
6665
6670
7346
7505
7557
7569
7582
7584
7585
7592
7600
7612
7637
7728
7745
7796
7797
7804
7832
7841
7960
7962
7980
7996
7997
8076
8080
8198
8281
8288
8353
8444
8475
8570
8590
8794
8797
8942
9031
9081
11185
11461
11673
11680
11724
11770
12060
12163
12422
12570
12571
12615
12667
12721
12782
12837
12857
13259
13282
13293
13334
13425
13457
13495
13496
13498
13654
13674
13686
13688
13700
13750
13762
13764
13863
13884
14016
14038
14292
14311
14338
14347
14350
14474
14501
14561
14577
14585
14657
14686
14705
14763
14784
14785
14786
14829
14879
14908
14922
14973
14987
14990
14997
15005
15015
15089
15090
15092
15153
15160
15165
15286
15392
15396
15400
15419
15433
15482
15502
15637
15667
15807
15839
15899
15910
15925
15936
16017
16217
16221
16242
16285
16320
16355
16420
16421
16442
16472
16540
16557
16579
16588
16597
16600
16605
16606
16611
16625
16629
16633
16635
16637
16661
16667
16672
16673
16689
16782
16784
16793
16849
16855
16863
16917
16929
16932
16937
16958
16962
16986
16989
17023
17123
17173
17203
17310
17868
17970
18012
18037
18048
18081
18087
18106
18116
18117
18121
18136
18160
18268
18331
18349
18368
18468
18469
18495
18504
18515
18516
18580
18599
18602
18606
18608
18612
18636
18716
18720
18726
18731
18734
18736
18771
18773
18774
18776
18817
18835
18995
19052
19059
19068
19076
19094
19112
19304
19803
19814
818
839
999
1022
1106
1108
1151
1295
1325
1353
1578
1581
1612
1613
1614
1615
1617
1618
1624
1783
1964
2027
2028
2029
2068
2074
2155
2162
2184
2245
2256
2321
2565
2578
2580
2684
2685
2724
2782
2790
2791
2795
2803
2917
2963
3021
3037
3120
3143
3188
3191
3196
3201
3203
3207
3218
3220
3223
3228
3230
3241
3261
3262
3263
3391
3396
3440
3701
3754
3775
3806
3815
3852
3920
3940
3954
3962
3965
4029
4046
4053
4068
4089
4092
4139
4154
4156
4181
4245
4247
4251
4252
4261
4267
4287
4355
4395
4404
4417
4428
4455
4484
4485
4504
4535
4536
4561
4564
4621
4660
4683
4710
4712
4713
4717
4723
4734
4754
4758
4877
4950
4978
4998
5028
5062
5069
5086
5087
5112
5130
5138
5206
5234
5270
5297
5312
5335
5337
5341
5351
5355
5362
5370
5373
5391
5557
5588
5714
5731
5815
5844
5885
5932
5992
6012
6028
6046
6048
6050
6052
6057
6059
6060
6062
6069
6070
6073
6077
6083
6088
6089
6090
6095
6097
6098
6099
6101
6107
6109
6112
6116
6117
6118
6124
6127
6132
6137
6141
6143
6166
6204
6205
6253
6308
6321
6326
6337
6341
6358
6365
6369
6371
6374
6391
6405
6407
6418
6430
6435
6438
6459
6460
6467
6472
6473
6474
6510
6512
6645
6658
7406
7505
7511
7513
7558
7559
7562
7569
7577
7582
7584
7585
7587
7590
7591
7629
7637
7728
7745
7804
7841
7936
7947
7962
7970
7971
7977
7980
7997
7998
8026
8043
8078
8080
8083
8089
8091
8092
8133
8194
8195
8196
8199
8200
8204
8216
8281
8347
8395
8399
8401
8413
8418
8435
8444
8458
8482
8528
8537
8544
8545
8547
8557
8563
8639
8754
9072
9091
9239
9283
11637
11665
11680
11732
11770
12112
12141
12148
12160
12163
12167
12171
12173
12570
12571
12609
12615
12616
12701
12721
12782
12837
12857
12909
13103
13111
13258
13283
13284
13286
13294
13303
13324
13347
13350
13354
13457
13510
13571
13654
13674
13686
13688
13722
13730
13762
13764
13771
13776
13791
13797
13811
13884
13919
13920
14038
14261
14265
14296
14304
14322
14329
14347
14561
14585
14611
14635
14649
14686
14688
14709
14712
14739
14784
14792
14809
14829
14834
14935
14973
14988
14990
14997
15005
15007
15011
15012
15015
15024
15025
15033
15056
15057
15090
15094
15102
15156
15157
15160
15217
15228
15229
15240
15261
15270
15299
15376
15378
15399
15426
15433
15476
15484
15500
15504
15526
15529
15595
15599
15671
15705
15737
15739
15749
15752
15762
15789
15799
15806
15839
15864
15870
15876
15880
15884
15910
15925
15927
15931
15936
16107
16186
16221
16259
16353
16372
16382
16417
16420
16421
16429
16523
16540
16547
16557
16574
16580
16588
16589
16590
16596
16597
16606
16618
16625
16626
16629
16636
16637
16638
16640
16643
16646
16652
16653
16654
16661
16664
16669
16672
16673
16745
16793
16817
16826
16830
16836
16849
16850
16862
16887
16892
16895
16902
16917
16918
16932
16933
16937
16957
16958
16962
16986
16988
16990
17023
17037
17058
17070
17123
17173
18012
18021
18037
18078
18081
18082
18097
18106
18111
18120
18132
18352
18428
18463
18468
18469
18481
18488
18494
18495
18497
18504
18514
18517
18521
18576
18601
18603
18607
18612
18615
18623
18672
18719
18723
18727
18728
18734
18741
18773
18775
18801
18809
18812
18817
18869
18871
18872
18873
18875
18876
18893
18895
18910
18917
18918
18924
18934
18940
18948
18955
18957
18966
18993
18997
19012
19058
19059
19066
19069
19070
19078
19101
19104
19337
19565
19566
19678
19730
19733
1176
1394
1482
1532
1578
1609
2321
2797
3201
3203
3218
3220
3227
3263
3775
3784
3815
3956
3962
4038
4090
4156
4251
4261
4329
4364
4468
4485
4712
4732
4782
5087
5108
5130
5297
5321
5355
5391
5577
5587
5656
6046
6101
6116
6141
6190
6321
6405
6418
6438
6471
6558
6595
6639
6645
6670
6791
6813
7406
7559
7591
7594
7612
7834
8078
8298
8413
8435
8458
8557
8612
8797
11461
11785
12114
12171
12570
13286
13315
13347
13457
13674
13688
13730
13752
13769
13884
13906
14311
14624
14649
14660
14834
14858
14859
14935
14974
14990
15005
15007
15015
15228
15240
15299
15403
15799
15880
15977
16069
16162
16259
16372
16540
16547
16582
16626
16664
16689
16745
16862
16887
17000
17086
17123
17198
17199
17309
17331
18020
18118
18349
18497
18556
18576
18601
18603
18612
18623
18719
18723
18741
18757
18803
18812
18875
18876
18957
18997
19783
670
749
1022
1106
1151
1176
1578
1612
1614
1937
2074
2162
2184
2321
2777
2917
2963
2974
2995
3032
3120
3169
3191
3203
3220
3261
3263
3408
3440
3684
3775
3806
3815
3962
4029
4089
4092
4167
4205
4395
4484
4504
4508
4563
4712
4717
4754
4768
4877
4921
4950
5087
5112
5138
5244
5270
5341
5347
5351
5415
5557
5714
5785
5815
6050
6057
6059
6062
6070
6073
6083
6088
6090
6114
6116
6123
6124
6166
6204
6256
6321
6326
6358
6367
6424
6430
6435
6444
6454
6459
6467
6469
6471
6510
6512
6558
6563
7477
7513
7561
7582
7584
7745
7821
7936
7962
7967
7977
7980
7992
7997
8002
8083
8089
8090
8133
8350
8387
8444
8458
8472
8474
8532
8537
8563
8594
8760
9019
9169
9211
9285
11676
11680
11950
12035
12105
12112
12160
12163
12171
12570
12615
12616
12626
12667
12782
13308
13457
13654
13709
13737
13762
13884
14038
14262
14347
14452
14561
14611
14812
14829
14935
14973
14990
14997
15005
15007
15012
15015
15024
15025
15033
15037
15089
15090
15106
15156
15157
15160
15229
15299
15433
15529
15671
15799
15865
15870
15925
16185
16221
16329
16421
16460
16523
16540
16547
16557
16578
16597
16606
16625
16635
16637
16639
16640
16653
16654
16656
16661
16664
16733
16734
16783
16849
16850
16862
16881
16892
16917
16958
16988
16990
18012
18015
18081
18090
18106
18136
18252
18463
18466
18468
18469
18488
18494
18495
18503
18504
18515
18557
18576
18601
18604
18612
18719
18723
18725
18727
18729
18741
18812
18817
18839
18948
18955
18957
19565
19579
19859
1565
1589
2321
2963
3021
3201
3261
3263
3754
3815
3852
4395
4484
4485
4717
4732
4754
4877
4950
5351
5588
5714
5815
5865
5914
6057
6073
6090
6099
6111
6116
6166
6204
6205
6321
6467
6510
6639
6670
7505
7569
7582
7612
7728
7745
7834
7980
7996
7997
8076
8080
8353
8444
11461
12570
12615
13457
13496
13654
13674
13688
13700
13884
14038
14292
14338
14784
14829
14908
14922
14987
14997
15005
15015
15090
15165
15400
15419
15433
15482
15502
15875
16472
16540
16557
16606
16625
16635
16637
16661
16673
16793
16962
16986
18081
18106
18418
18468
18495
18580
18602
18612
18636
18734
18736
18776
18817
19059
1022
1106
1108
1151
1578
1581
1613
1614
1615
1618
1783
2028
2068
2074
2184
2245
2256
2321
2580
2684
2685
2724
2790
2795
2803
2917
2963
3021
3143
3191
3196
3201
3220
3223
3241
3261
3263
3391
3396
3440
3754
3775
3806
3815
3852
3854
3940
3954
3962
4029
4046
4092
4156
4245
4247
4251
4252
4261
4267
4287
4355
4395
4404
4484
4485
4504
4525
4535
4536
4564
4660
4712
4713
4717
4723
4734
4754
4758
4877
4950
4978
4998
5062
5069
5086
5087
5138
5270
5297
5312
5335
5341
5351
5355
5557
5588
5714
5731
5815
5885
5992
6028
6046
6048
6050
6052
6057
6059
6060
6062
6070
6073
6083
6088
6089
6090
6095
6101
6107
6109
6116
6117
6118
6124
6127
6137
6141
6143
6166
6204
6321
6326
6337
6358
6365
6374
6405
6407
6430
6435
6459
6460
6467
6472
6473
6474
6510
6512
6645
6658
7505
7509
7558
7569
7582
7585
7590
7745
7936
7962
7970
7971
7977
7980
7997
8026
8078
8080
8083
8089
8092
8133
8194
8199
8204
8395
8413
8435
8444
8458
8528
8544
8557
8563
8754
9091
9283
11770
12112
12141
12148
12163
12167
12171
12570
12571
12609
12615
12616
12721
12782
13111
13258
13283
13284
13347
13350
13457
13571
13654
13686
13722
13730
13762
13764
13771
13791
13797
13811
13884
13920
14038
14296
14329
14347
14561
14611
14635
14649
14686
14688
14712
14739
14784
14792
14829
14834
14935
14973
14988
14990
14997
15005
15007
15012
15015
15024
15025
15033
15056
15057
15090
15156
15157
15160
15217
15228
15229
15299
15399
15433
15476
15484
15500
15504
15526
15529
15595
15599
15671
15705
15749
15752
15799
15839
15864
15870
15876
15880
15884
15925
15931
16259
16372
16382
16417
16420
16421
16429
16523
16540
16547
16557
16574
16588
16589
16597
16606
16625
16626
16629
16637
16638
16640
16643
16653
16654
16661
16664
16669
16673
16734
16745
16793
16826
16830
16836
16849
16850
16862
16887
16892
16902
16917
16918
16958
16962
16986
16988
16990
17037
17058
18081
18082
18106
18132
18428
18468
18469
18481
18488
18494
18495
18504
18576
18601
18612
18623
18672
18719
18723
18727
18734
18812
18869
18871
18873
18875
18893
18917
18918
18934
18940
18948
18955
18957
18993
18997
19012
19058
19059
19066
19070
19078
19565
929
1022
1382
2321
2555
3227
3329
3491
3648
4045
4061
4106
4188
4395
4440
4466
4537
4617
4717
4732
5187
5407
5810
6365
6391
6444
6454
6522
6639
6670
6783
7322
7632
7834
8195
8418
9059
11979
12081
12114
13315
13556
13688
13896
14038
14216
14292
14987
14997
16211
16272
16618
16637
16791
16919
16920
16933
17310
17403
17930
17961
18008
18136
18463
18488
18514
18924
18929
19316
19337
1612
1613
1783
2068
2321
2917
3136
3220
3261
3391
3416
3760
3815
3855
4046
4092
4247
4251
4261
4353
4455
4485
4626
4754
4978
4998
5270
5341
5557
5667
5992
6012
6046
6048
6050
6070
6116
6117
6118
6141
6246
6326
6337
6365
6474
6641
6645
7558
7962
7977
7980
8078
8080
8528
9294
11015
11899
12163
12176
12570
12571
12615
12721
13347
13654
13722
13791
13981
14038
14649
14739
14792
14829
15007
15015
15025
15056
15057
15090
15217
15228
15403
15484
15577
15599
15671
15749
15799
15864
15876
16107
16185
16324
16421
16429
16436
16588
16625
16669
16673
16745
16793
16849
16986
16990
16999
18106
18126
18468
18488
18495
18612
18623
18723
18801
18898
18901
18918
19078
19093
19729
19730
19733
2074
2184
2971
3261
3263
3791
4259
4395
4417
4428
4732
4920
5249
5291
5341
6098
6111
6116
6118
6321
6326
6474
6639
7592
7612
7637
7728
7745
7962
7975
8444
11770
12060
12571
12667
12721
12782
13282
13334
13654
13674
13750
13762
13825
14292
14347
14350
14561
14763
14784
15015
15090
15160
15419
15875
16355
16421
16472
16588
16597
16637
16734
16793
16849
16932
16937
17023
18136
18580
18606
18835
18995
19052
1295
1325
1578
1612
1614
1783
2027
2155
2162
2184
2321
2795
2803
2917
2963
3037
3203
3218
3220
3261
3263
3440
3962
3965
4046
4089
4247
4251
4287
4417
4455
4484
4621
4683
4710
4717
4754
5112
5138
5206
5270
5312
5337
5341
5351
5714
5731
5815
6012
6050
6052
6057
6059
6060
6070
6073
6090
6098
6116
6117
6124
6166
6253
6308
6321
6326
6337
6418
6430
6438
6469
6510
6512
7505
7513
7559
7582
7591
7962
7980
7997
8043
8091
8092
8133
8196
8204
8347
8399
8547
8754
9091
11637
11680
11732
12112
12148
12160
12163
12570
12609
12615
12616
12701
12909
13284
13324
13457
13654
13730
13919
13920
14712
14784
14829
14935
15005
15007
15012
15015
15025
15056
15090
15157
15229
15240
15376
15378
15433
15476
15599
15671
15749
15799
15806
15910
16107
16221
16382
16429
16523
16540
16557
16588
16590
16597
16606
16625
16636
16637
16652
16653
16826
16849
16850
16862
16895
16988
16990
18106
18352
18463
18469
18488
18495
18497
18504
18514
18517
18576
18601
18723
18809
18817
18895
18957
19101
19678
19733
1578
5355
6204
6639
11461
12570
13688
15403
16162
16582
1022
1612
2777
2917
2963
3032
3220
3261
3775
3815
3854
4205
4508
4712
4717
4754
5138
5270
5341
5347
5351
5557
6050
6070
6116
6124
6166
6204
6326
6459
6512
6563
7745
8089
8090
8133
9211
12112
12163
12570
13654
14262
14829
14935
14990
15007
15015
15024
15025
15033
15090
15106
15156
15433
15529
15671
15799
15865
15870
15925
16185
16421
16523
16540
16557
16625
16635
16640
16849
16892
16990
18106
18468
18488
18495
18576
18723
18812
18955
18957
2963
3261
3263
4485
4717
4754
4920
4950
6057
6090
6099
6111
6116
6166
6321
7980
7997
8076
8080
8444
11461
12570
13654
13688
14292
14338
14784
14908
15419
15502
16472
16540
16625
16635
16637
16673
16793
18468
18580
18612
18636
18736
18776
19059
1022
1108
1578
1581
1614
1615
2028
2068
2256
2321
2580
2684
2795
2803
2917
2963
3021
3143
3196
3220
3241
3261
3263
3391
3396
3440
3806
3854
3954
3962
4046
4156
4247
4251
4261
4287
4484
4535
4723
4734
4754
4978
4998
5062
5069
5086
5087
5112
5138
5270
5278
5312
5335
5341
5351
5714
5731
5992
6046
6050
6052
6057
6059
6070
6073
6090
6116
6117
6124
6141
6166
6326
6337
6374
6407
6459
6472
6474
6510
6512
6645
7505
7558
7569
7582
7745
7971
7977
7980
8026
8078
8089
8092
8133
8204
8395
8413
8435
8444
8458
8528
8544
8563
8754
9091
9283
11770
12112
12148
12167
12570
12609
12615
12782
13111
13457
13571
13654
13730
13771
13791
13797
13920
14296
14611
14649
14712
14739
14784
14792
14829
14935
14990
15005
15007
15012
15015
15025
15033
15056
15057
15156
15157
15160
15217
15228
15229
15299
15399
15433
15476
15500
15529
15599
15705
15749
15752
15799
15870
15876
15884
16259
16372
16382
16417
16429
16523
16540
16557
16588
16597
16625
16637
16640
16653
16664
16669
16793
16826
16836
16849
16850
16862
16892
16902
16918
16986
16990
17037
17058
18082
18106
18428
18469
18481
18495
18504
18576
18601
18623
18672
18719
18723
18727
18918
18934
18948
18955
18957
18993
18997
19059
19066
19104
19565
5069
167
3136
3215
3316
3365
3529
3796
3813
4245
4538
4751
4934
5096
5744
5846
6648
6791
8006
8226
8776
9021
11785
13670
14361
14851
15403
15808
15977
16162
16237
16472
16640
17001
17340
18020
18156
18934
19309
19341
749
1151
2321
2803
2917
3136
3220
3440
3704
4404
4498
4710
4712
4758
5468
5587
6124
6137
6141
6374
6389
7561
7934
7970
8204
8395
8413
8458
11015
12570
13354
14935
15583
15705
15910
15936
16162
16540
17158
18612
18957
19579
19729
19753
3792
4717
4754
4877
4950
5270
6057
7834
9081
11724
12570
15090
16472
16540
16637
16917
18106
18495
18612
19059
1022
1613
1615
2068
2074
2184
2724
2917
2963
3021
3220
3261
4092
4156
4561
4754
4978
5062
5086
5992
6057
6059
6116
6321
6341
6459
6512
7505
7971
8199
8444
9283
12112
12570
13354
13457
13654
14038
14829
14935
15007
15012
15033
15160
15217
15228
15484
15671
15839
15876
16372
16540
16557
16625
16653
16664
16862
17037
18504
18955
19566
1176
1609
3263
3775
4090
4732
7834
12570
13752
18349
19783
749
1022
1578
1614
2777
2917
3220
3261
3408
4754
5112
5270
5714
5785
6424
6444
7561
7821
7967
7977
7980
8387
9019
11950
13709
14329
14347
14812
14935
15025
15037
15160
16523
16653
16862
16990
18015
18839
18957
19579
3021
3261
4717
5914
7745
7834
12570
13654
13700
14987
15419
15482
15671
16472
16635
16637
18106
18495
18602
18776
1022
1578
1581
1614
2184
2245
2685
2724
2803
2917
2963
3021
3191
3220
3261
3263
3440
4046
4251
4287
4754
4950
5086
5138
5270
5885
6028
6048
6052
6059
6060
6070
6090
6107
6109
6116
6143
6337
6374
6405
6512
7505
7569
7970
8083
8092
8133
8199
8204
8557
8563
8754
12112
12570
12721
13283
13654
13730
13920
14561
14829
14935
15228
15229
15299
15476
15484
15599
15799
16523
16540
16547
16625
16653
16661
16734
16826
16986
16990
18106
18469
18488
18576
18918
19078
19104
4440
6783
7632
12114
2321
3220
4754
5667
6070
6474
8528
14476
14739
15056
15217
15484
16421
18623
18723
19733
4417
6098
6116
6321
6474
13654
14292
14350
15090
15875
16472
16588
18580
2184
2321
2963
3203
3965
4247
4417
4484
5206
5312
5351
6059
6060
6070
6073
6116
6166
6321
6326
6512
7505
7591
7980
7997
8133
12112
12160
12615
12909
13457
13654
14784
15005
15015
15090
15433
16523
16540
16557
16588
16597
16625
16653
16826
16849
16862
18495
18504
18576
18601
18723
18957
19733
12570
1022
2777
2963
3261
4205
4508
5351
6070
6116
15433
15671
16523
16625
16849
18576
18955
2963
4717
4950
6057
6116
6166
7980
8076
8444
11461
12060
12570
13654
13688
14338
14784
15419
18580
18636
18736
18776
1022
1578
2580
2795
2917
2963
3021
3220
3440
3954
4046
4247
4251
4287
4754
4978
5312
5351
5992
6046
6052
6070
6116
6117
6472
7569
7745
7971
7980
8444
8754
9091
9283
12112
12148
12167
12615
13571
13654
13730
13771
13791
13920
14296
14739
14935
15005
15057
15156
15228
15299
15399
15433
15476
15599
16523
16540
16588
16597
16625
16734
16826
16862
16990
18469
18504
18576
18601
18723
18918
18955
18957
19104
19565
16635
5069
13686
14712
15299
18106
4484
5069
16990
16635
15299
18106
4484
6046
6472
603
3136
3263
3365
3374
3457
4092
4327
4622
5115
5664
5701
6059
6157
7099
7351
7477
7556
8256
8270
8794
9059
11185
11880
12141
13294
13749
14337
14345
14642
14754
15282
16791
17170
17340
17623
17881
18468
18749
19298
1022
1618
2917
3191
3726
3852
5086
5566
6050
6166
6321
6369
6389
6429
6474
7629
7971
8026
8216
8435
9211
13811
13884
13920
14712
15476
15865
16962
17158
17198
18136
18576
18623
18812
18924
19012
19059
2321
4456
5914
6073
6467
6474
6639
8080
13282
15090
18468
2245
3263
4261
4355
5130
5234
5885
6050
6070
6073
6109
6116
6141
6369
6435
6474
7590
7591
7962
7998
8078
8199
8413
12721
13103
13111
13283
13347
13654
13730
13771
13791
14739
14829
15057
15749
15762
15799
15870
15884
15925
16259
16417
16629
17058
18576
18719
18723
18918
18957
19078
19733
3201
3220
4428
7406
8298
8435
8612
12114
14858
14859
18556
18601
18876
670
3191
3261
4508
4754
4768
5087
5112
5341
6124
6321
6459
6512
6563
7582
12615
13654
13884
14329
14561
14997
15012
15299
15799
18015
18463
18469
18576
18604
18729
2963
4395
6057
6073
6099
6204
6639
7728
7834
8353
14338
15433
16557
16661
16962
18580
18734
1578
1613
2256
3261
4029
4267
4287
4355
4404
4536
4564
4754
5351
5992
6050
6057
6116
6117
6124
6204
6321
6467
7511
7980
8133
9091
12112
12616
13111
13347
13457
13571
13730
13791
13920
14347
14649
14829
14935
14973
15007
15012
15156
15217
15839
15870
15876
15925
16417
16523
16540
16669
16862
16958
16990
18468
18576
18869
18940
18955
18957
18993
19565
2555
4466
4537
6391
11979
14038
3815
5667
6337
6645
11899
15599
16324
19730
6639
7592
8444
12721
13282
13750
15015
16937
18835
1295
2803
2963
3261
4046
4251
4455
6012
6050
6073
6430
6512
7962
11732
12112
13730
13919
15090
15599
15671
16540
16557
16590
16637
16862
18352
18504
19678
5355
13688
1612
3261
3815
3854
4508
4754
5351
6070
13654
15015
15156
15865
16523
16557
18495
18957
3261
4485
4754
15419
15502
16625
16673
18636
1022
1578
1581
1615
2256
2580
2963
3143
3196
3220
3261
3263
3440
4046
4251
4287
4734
4754
5351
6059
6070
6073
6116
6117
6459
6645
7505
7745
7980
8026
8092
8133
8435
9091
12112
13571
13791
13920
14935
15033
15056
15057
15156
15433
15476
15876
16429
16523
16540
16557
16625
16669
16826
16862
17037
17058
18428
18576
18601
18623
18672
18918
18957
19565
3136
6419
749
2803
11015
19059
3021
4978
5086
6341
8199
15012
16862
18955
19566
1022
1578
4754
7977
15025
18015
18839
18957
4717
5914
14987
18495
1022
1578
2917
3021
4046
4287
4754
5270
8204
8557
8754
12112
13283
14935
15228
16523
16540
16826
18576
5667
6474
16421
19733
14350
18580
2963
3965
6512
7980
12112
15433
16540
16557
16653
16826
18576
19733
1022
2963
3261
4508
5351
15433
16523
18576
18955
4717
4950
6166
12570
14338
18580
18636
18736
18776
1022
2917
2963
3021
3220
3440
3954
4046
4251
4287
4754
4978
5312
5992
6116
7569
7980
8444
8754
9091
12112
13571
13730
13771
13791
13920
14935
15057
15156
15228
15433
15476
15599
16523
16826
16990
18576
18955
18957
19565
4880
3261
15228
3261
7980
6645
1578
15228
3261
5351
7980
15057
1565
3529
4120
4537
5115
5181
6471
6683
6853
7355
7508
7819
9233
13357
13896
14234
14429
18115
18156
3025
3754
4754
6474
8528
11495
12609
15033
15282
15936
16324
5732
12060
17189
2782
5112
5932
6012
8089
15762
15925
16745
16849
18120
1394
14974
17070
1578
3261
4754
6059
6090
6444
8760
13654
16881
18557
18955
18957
4754
6116
11461
18468
3143
6166
7511
8026
8435
8444
12112
12148
13350
14739
14784
16421
16918
17058
18601
16791
4626
16185
16986
15671
16734
18580
19052
2963
4683
6117
6321
6418
9091
11680
12148
13730
15012
18517
19733
6204
16582
1022
2963
16421
16849
16472
16540
18468
18580
18776
2256
2321
2580
3440
4046
5992
6052
6166
7558
8133
8754
12112
14296
14935
15671
16523
16625
18576
18955
8204
19729
15090
16917
5992
13354
7808
19783
2777
5112
7980
14812
15037
3021
18776
2963
4046
4287
8133
8557
12112
16523
16540
18576
18918
8528
6474
16472
2963
12909
16557
16862
16849
8444
15419
18636
1022
2580
2795
2963
4046
4287
4978
7971
8754
12112
13571
14935
15156
15228
16523
18576
8794
18623
5234
13730
8298
12114
3261
4754
4768
14997
2963
5992
7980
12112
13111
13571
6391
5667
8444
2963
13730
4754
6070
16523
16625
18636
1022
3143
3440
4046
4754
6070
6116
7505
12112
13571
14935
16523
16625
18576
2803
11015
6341
3021
4046
12112
16523
18576
5667
2963
3965
15433
16540
16557
16523
18576
4950
18580
18636
1022
2963
3021
3954
4046
4287
4754
4978
5992
6116
12112
13571
13771
13791
14935
15156
16523
16826
18576
19565
3241
16734
14712
15299
15228
3261
6472
6472
6645
16625
1578
15433
3261
5351
15433
7980
16625
15433
2038
3136
4011
4627
5031
5050
5585
6667
7508
7609
7612
9318
13302
13521
13533
13989
14489
15120
16178
16945
17379
17623
18117
18130
1783
2990
3169
3220
3391
4173
4621
4998
6143
6204
6435
13286
13302
13722
14261
15452
15762
16590
16636
16830
17000
18113
18136
18997
4120
5291
6134
7797
13688
16221
16962
18776
2256
2790
3228
3396
3754
4251
4683
4713
5138
6028
6048
6137
6143
6374
6391
6473
7558
7977
8026
8043
8458
8563
13350
15012
16421
16636
16826
16830
16986
18517
8458
18349
1612
4712
4754
6435
8472
14262
15160
16540
16637
18601
14922
16986
18636
1614
2795
3021
3220
4247
6062
6073
6137
6435
8413
8544
8557
13258
14635
15033
16259
16540
16643
16830
18428
18672
19058
7834
13315
16920
3220
6246
14739
15876
18918
5291
7962
8444
13654
16637
3220
4251
4287
6050
6057
13284
16540
16636
6639
12570
2777
4754
6512
15433
15529
18576
18955
4717
6099
8444
11461
14292
18736
3143
6512
8133
8413
12112
13571
13730
14829
15007
15217
15228
15229
16259
16540
3136
4751
15977
16472
17001
17340
749
2803
6137
11015
15583
4950
15033
15839
17037
18955
1176
3775
13752
749
13709
16653
16862
18015
13700
15482
15671
16635
1614
2685
2724
5138
5885
6143
7505
7569
12112
12721
3220
15217
15875
18580
3203
4247
5351
6512
16523
16540
16653
12570
4717
8076
11461
13654
15419
18580
3021
4287
12112
12148
13791
14935
15476
16523
18918
18955
19565
7556
17623
3726
13347
15884
16629
18576
18723
19733
8612
670
4508
4754
18576
18580
2256
4536
7511
13347
13571
13791
15925
18576
19565
14038
13282
3261
4455
6050
19678
5355
13688
4508
15156
4485
15419
15502
1581
2580
4734
8026
8133
12112
13791
15156
15876
17037
17058
18576
19565
749
19566
1022
18015
18839
4287
12112
16523
6474
18580
2963
6512
16653
16826
18576
1022
2963
8754
12112
13571
14935
15228
15476
16523
18576
18955
4537
6471
14476
4754
18468
14739
4626
6166
8133
12112
15090
5992
2963
8133
12112
2580
4046
8754
12112
13571
16523
18576
8298
4768
2963
13571
5667
2963
13730
16523
1022
3143
4046
12112
13571
16523
6341
3021
4046
12112
16523
1022
2963
3021
4046
12112
13571
13791
14935
16523
16826
18576
3263
13920
14784
15228
6166
6046
3263
1578
3261
7980
14712
16986
1176
2577
3022
3428
4038
5815
5937
6396
6399
8407
8823
11979
13303
13457
14041
14180
18113
18771
2256
2988
3165
4455
5270
5937
6127
6391
6454
6459
7565
8754
11732
14452
14578
14943
14962
16523
16637
16937
18918
5815
13750
2684
4068
4504
4754
6341
8194
8435
11680
13764
15033
15399
16652
16661
3775
5656
6321
15007
670
4508
7977
1589
3201
14784
6046
7582
7971
12721
13283
13764
16421
18576
19066
5810
17961
16669
6326
16472
2795
3203
8043
15012
15376
18576
6639
2963
8133
16540
7980
8080
16472
2917
3021
6057
8026
14990
16793
19565
3529
16472
8413
4754
6459
8444
16540
16557
16664
8387
18839
18602
18776
6028
6512
16421
4205
4508
7980
14784
18580
4754
5992
12112
18576
4327
8256
17340
17881
18623
13791
8612
18015
2963
6117
12112
15012
15876
392
2555
12721
1295
13919
15419
1022
3143
3440
12112
15033
18428
6341
18957
4046
12112
16826
4508
5312
9091
15762
3143
8026
14476
2963
2963
16421
18580
2256
5992
18576
18776
4046
15419
1022
2580
2795
2963
12112
15156
18623
5992
12112
13571
1022
3440
4046
12112
3965
18576
2963
4978
5992
13571
13771
15156
16523
7612
5291
13284
749
13700
18580
12570
18580
3021
17623
4536
3261
2580
8133
12112
2963
16826
18576
12112
13571
2963
13571
13571
6341
12112
1022
2963
3021
13571
13791
16523
5069
6469
6166
4950
14712
4498
7557
7629
11589
12615
13943
15181
15562
17021
18411
18817
8413
9285
11910
18602
1106
4484
4998
6089
6166
7513
8544
15595
16547
18615
5587
13315
13752
14624
4205
5714
12105
12616
15865
18463
8444
14038
3954
4092
4564
5335
5992
7505
8089
13571
16429
18918
6391
6454
18488
4998
5667
13722
14038
14739
15419
6639
4508
12112
14262
14990
15156
4950
1581
2684
12167
15033
15157
16653
18948
18113
19753
7971
5714
5785
7967
18957
13700
16472
8083
8133
14829
16472
6166
12167
13571
16523
16826
18601
5664
7351
8794
15476
6073
15925
13654
14561
13571
11979
13730
1612
13654
15865
6059
8092
13571
16540
18576
2917
4046
5992
7980
16826
11495
15282
16324
8089
2963
13730
18776
16540
16472
14997
13571
1022
3440
18576
11015
6341
18580
18636
3021
13791
17623
18113
6391
18428
4251
11461
16472
2803
18580
7556
3726
670
13791
4455
4508
15156
8026
17037
749
18015
18839
6474
1022
6471
2963
12112
8298
13571
5667
3143
16523
6341
12112
3021
16523
7565
5656
4205
2963
15419
12112
13571
13571
16523
7612
13700
3021
4536
12112
13571
13571
6341
2963
3021
13571
16523
16523
6658
8396
8788
12081
12556
15781
16317
16338
16919
17001
17176
17241
18411
3726
6048
18898
14016
4455
8043
13919
15526
19730
13315
14974
8387
13709
14262
16472
6028
13258
15526
11979
13315
16920
3416
4978
6048
18898
4732
6474
8043
13919
18895
6204
16421
4754
6111
16472
8458
2803
5992
4732
8133
5667
16421
19733
6059
19733
15419
18580
2580
9091
7099
17198
670
5112
18604
12616
15156
16557
11015
18955
8557
19733
18580
3021
4978
6853
2963
15419
4978
5667
13571
14935
4683
14262
3021
18576
13571
13700
2724
15419
3021
18955
18580
2580
4287
18955
13571
14935
1176
670
18776
5992
15033
6341
2256
18776
1022
12112
2963
5992
13571
13571
13571
6341
12112
1022
16472
15925
6341
18113
7556
670
8298
6341
5656
2963
4536
13571
6341
